x y
100 2
200 8
300 26
400 40
500 46
600 48
700 56
800 52
900 66
1000 86
1100 92
1200 100
1300 100
1400 92
1500 102
1600 102
1700 100
1800 88
1900 86
2000 90
2100 94
2200 92
2300 94
2400 94
2500 96
2600 88
2700 94
2800 98
2900 92
3000 96
3100 104
3200 104
3300 90
3400 102
3500 118
3600 122
3700 124
3800 108
3900 98
4000 96
4100 102
4200 110
4300 116
4400 122
4500 134
4600 136
4700 136
4800 142
4900 124
5000 114
5100 122
5200 138
5300 120
5400 130
5500 122
5600 122
5700 114
5800 122
5900 114
6000 100
6100 120
6200 120
6300 130
6400 124
6500 116
6600 116
6700 108
6800 110
6900 110
7000 120
7100 104
7200 110
7300 104
7400 86
7500 80
7600 86
7700 84
7800 94
7900 84
8000 114
8100 108
8200 106
8300 94
8400 92
8500 88
8600 76
8700 66
8800 72
8900 66
9000 76
9100 80
9200 72
9300 62
9400 58
9500 50
9600 54
9700 46
9800 44
9900 52
10000 52
10100 58
10200 64
10300 50
10400 52
10500 48
10600 44
10700 40
10800 52
10900 58
11000 68
11100 56
11200 58
11300 52
11400 46
11500 56
11600 36
11700 22
11800 32
11900 24
12000 36
12100 44
12200 36
12300 38
12400 54
12500 46
12600 50
12700 50
12800 54
12900 46
13000 52
13100 60
13200 74
13300 60
13400 36
13500 44
13600 36
13700 46
13800 34
13900 46
14000 64
14100 64
14200 78
14300 78
14400 84
14500 58
14600 46
14700 62
14800 82
14900 74
15000 74
15100 82
15200 84
15300 102
15400 82
15500 94
15600 108
15700 120
15800 122
15900 116
16000 100
16100 104
16200 74
16300 82
16400 90
16500 100
16600 90
16700 100
16800 100
16900 92
17000 102
17100 108
17200 104
17300 92
17400 80
17500 78
17600 66
17700 52
17800 56
17900 62
18000 50
18100 38
18200 40
18300 40
18400 36
18500 32
18600 28
18700 28
18800 24
18900 34
19000 44
19100 40
19200 28
19300 40
19400 40
19500 38
19600 56
19700 54
19800 62
19900 58
20000 64
20100 80
20200 94
20300 90
20400 86
20500 82
20600 62
20700 78
20800 84
20900 70
21000 76
21100 84
21200 78
21300 76
21400 84
21500 86
21600 112
21700 122
21800 130
21900 136
22000 156
22100 166
22200 164
22300 174
22400 156
22500 150
22600 150
22700 156
22800 158
22900 166
23000 146
23100 146
23200 146
23300 148
23400 128
23500 132
23600 134
23700 120
23800 110
23900 86
24000 86
24100 98
24200 120
24300 124
24400 150
24500 128
24600 120
24700 112
24800 132
24900 126
25000 146
25100 160
25200 154
25300 152
25400 164
25500 180
25600 198
25700 200
25800 220
25900 216
26000 212
26100 208
26200 214
26300 208
26400 208
26500 200
26600 192
26700 196
26800 200
26900 204
27000 208
27100 210
27200 218
27300 228
27400 224
27500 218
27600 218
27700 222
27800 200
27900 186
28000 184
28100 194
28200 184
28300 176
28400 170
28500 172
28600 184
28700 194
28800 192
28900 180
29000 190
29100 200
29200 192
29300 196
29400 202
29500 198
29600 186
29700 184
29800 182
29900 158
30000 176
30100 152
30200 152
30300 142
30400 148
30500 138
30600 148
30700 150
30800 162
30900 154
31000 152
31100 156
31200 160
31300 158
31400 136
31500 150
31600 162
31700 142
31800 152
31900 146
32000 144
32100 144
32200 140
32300 126
32400 126
32500 140
32600 146
32700 152
32800 148
32900 154
33000 132
33100 132
33200 112
33300 102
33400 106
33500 96
33600 104
33700 84
33800 64
33900 66
34000 46
34100 58
34200 64
34300 60
34400 58
34500 52
34600 60
34700 70
34800 66
34900 56
35000 58
35100 64
35200 58
35300 64
35400 66
35500 58
35600 64
35700 64
35800 50
35900 52
36000 56
36100 60
36200 44
36300 32
36400 28
36500 34
36600 50
36700 64
36800 62
36900 48
37000 52
37100 44
37200 34
37300 24
37400 24
37500 20
37600 10
37700 28
37800 36
37900 26
38000 26
38100 38
38200 24
38300 38
38400 30
38500 36
38600 38
38700 50
38800 46
38900 38
39000 30
39100 28
39200 42
39300 42
39400 48
39500 42
39600 40
39700 44
39800 42
39900 52
40000 48
40100 60
40200 66
40300 76
40400 68
40500 74
40600 66
40700 58
40800 30
40900 50
41000 50
41100 64
41200 76
41300 62
41400 88
41500 94
41600 84
41700 86
41800 82
41900 82
42000 90
42100 96
42200 106
42300 96
42400 98
42500 102
42600 116
42700 106
42800 106
42900 90
43000 88
43100 110
43200 102
43300 118
43400 110
43500 104
43600 102
43700 100
43800 90
43900 104
44000 94
44100 106
44200 112
44300 106
44400 128
44500 132
44600 128
44700 128
44800 128
44900 120
45000 122
45100 116
45200 100
45300 112
45400 106
45500 100
45600 104
45700 112
45800 110
45900 90
46000 84
46100 104
46200 114
46300 114
46400 128
46500 118
46600 112
46700 114
46800 96
46900 82
47000 76
47100 70
47200 80
47300 104
47400 94
47500 92
47600 76
47700 90
47800 86
47900 72
48000 72
48100 64
48200 70
48300 58
48400 44
48500 40
48600 38
48700 36
48800 46
48900 60
49000 90
49100 66
49200 60
49300 54
49400 54
49500 64
49600 54
49700 56
49800 52
49900 50
50000 52
50100 72
50200 74
50300 84
50400 98
50500 110
50600 102
50700 94
50800 114
50900 116
51000 108
51100 126
51200 132
51300 116
51400 122
51500 122
51600 126
51700 118
51800 114
51900 122
52000 124
52100 114
52200 118
52300 108
52400 100
52500 102
52600 94
52700 98
52800 86
52900 68
53000 60
53100 64
53200 68
53300 82
53400 94
53500 78
53600 76
53700 90
53800 82
53900 76
54000 72
54100 82
54200 74
54300 64
54400 46
54500 32
54600 28
54700 16
54800 2
54900 4
55000 26
55100 32
55200 40
55300 56
55400 62
55500 76
55600 68
55700 72
55800 60
55900 62
56000 58
56100 68
56200 88
56300 80
56400 76
56500 72
56600 60
56700 64
56800 64
56900 50
57000 34
57100 40
57200 36
57300 20
57400 10
57500 22
57600 8
57700 6
57800 0
57900 22
58000 22
58100 38
58200 48
58300 52
58400 52
58500 50
58600 38
58700 36
58800 28
58900 44
59000 54
59100 52
59200 42
59300 46
59400 64
59500 70
59600 64
59700 78
59800 96
59900 94
60000 84
60100 74
60200 60
60300 68
60400 92
60500 98
60600 94
60700 100
60800 100
60900 106
61000 108
61100 102
61200 110
61300 108
61400 100
61500 100
61600 92
61700 88
61800 78
61900 80
62000 76
62100 70
62200 78
62300 84
62400 78
62500 80
62600 64
62700 48
62800 64
62900 66
63000 86
63100 72
63200 72
63300 86
63400 72
63500 90
63600 94
63700 88
63800 84
63900 92
64000 82
64100 76
64200 76
64300 88
64400 96
64500 86
64600 94
64700 94
64800 72
64900 70
65000 68
65100 64
65200 56
65300 58
65400 56
65500 56
65600 44
65700 32
65800 28
65900 42
66000 28
66100 46
66200 34
66300 28
66400 44
66500 34
66600 44
66700 28
66800 30
66900 20
67000 32
67100 28
67200 32
67300 26
67400 14
67500 20
67600 16
67700 24
67800 18
67900 24
68000 44
68100 56
68200 42
68300 22
68400 14
68500 26
68600 48
68700 54
68800 62
68900 58
69000 66
69100 60
69200 58
69300 50
69400 42
69500 48
69600 50
69700 52
69800 50
69900 56
70000 64
70100 76
70200 82
70300 84
70400 94
70500 110
70600 118
70700 106
70800 106
70900 114
71000 118
71100 110
71200 118
71300 118
71400 108
71500 120
71600 110
71700 134
71800 136
71900 128
72000 138
72100 136
72200 142
72300 142
72400 150
72500 154
72600 160
72700 146
72800 152
72900 154
73000 138
73100 142
73200 144
73300 142
73400 146
73500 158
73600 152
73700 140
73800 142
73900 134
74000 136
74100 150
74200 124
74300 128
74400 132
74500 120
74600 128
74700 118
74800 118
74900 116
75000 126
75100 132
75200 146
75300 140
75400 144
75500 130
75600 136
75700 128
75800 134
75900 144
76000 134
76100 140
76200 152
76300 160
76400 164
76500 164
76600 168
76700 160
76800 168
76900 166
77000 190
77100 188
77200 194
77300 190
77400 196
77500 180
77600 178
77700 170
77800 182
77900 180
78000 178
78100 186
78200 196
78300 230
78400 258
78500 262
78600 262
78700 276
78800 268
78900 254
79000 258
79100 266
79200 260
79300 252
79400 256
79500 254
79600 244
79700 248
79800 214
79900 224
80000 232
80100 226
80200 228
80300 244
80400 254
80500 260
80600 260
80700 248
80800 240
80900 236
81000 240
81100 248
81200 246
81300 240
81400 242
81500 238
81600 260
81700 258
81800 250
81900 260
82000 244
82100 246
82200 240
82300 248
82400 232
82500 234
82600 234
82700 228
82800 248
82900 256
83000 238
83100 244
83200 252
83300 258
83400 274
83500 264
83600 266
83700 252
83800 266
83900 256
84000 246
84100 252
84200 242
84300 236
84400 244
84500 246
84600 262
84700 274
84800 282
84900 266
85000 264
85100 262
85200 276
85300 266
85400 266
85500 264
85600 270
85700 272
85800 274
85900 286
86000 292
86100 298
86200 290
86300 304
86400 316
86500 322
86600 336
86700 352
86800 352
86900 358
87000 356
87100 352
87200 366
87300 392
87400 372
87500 366
87600 362
87700 356
87800 344
87900 334
88000 316
88100 310
88200 292
88300 296
88400 290
88500 296
88600 308
88700 302
88800 296
88900 278
89000 286
89100 296
89200 294
89300 294
89400 304
89500 304
89600 304
89700 322
89800 328
89900 320
90000 332
90100 354
90200 348
90300 348
90400 354
90500 368
90600 368
90700 358
90800 350
90900 340
91000 334
91100 332
91200 324
91300 338
91400 338
91500 342
91600 338
91700 326
91800 326
91900 318
92000 336
92100 326
92200 302
92300 314
92400 306
92500 294
92600 286
92700 286
92800 302
92900 306
93000 314
93100 310
93200 286
93300 282
93400 278
93500 272
93600 272
93700 272
93800 270
93900 268
94000 266
94100 272
94200 274
94300 284
94400 274
94500 294
94600 300
94700 288
94800 300
94900 300
95000 300
95100 298
95200 300
95300 302
95400 312
95500 320
95600 312
95700 306
95800 292
95900 296
96000 300
96100 296
96200 294
96300 286
96400 278
96500 288
96600 288
96700 288
96800 302
96900 294
97000 290
97100 280
97200 284
97300 292
97400 284
97500 282
97600 306
97700 304
97800 310
97900 314
98000 318
98100 318
98200 324
98300 326
98400 338
98500 344
98600 342
98700 334
98800 338
98900 334
99000 338
99100 348
99200 338
99300 336
99400 342
99500 360
99600 348
99700 350
99800 340
99900 342
100000 350
100100 352
100200 364
100300 360
100400 364
100500 354
100600 362
100700 346
100800 332
100900 330
101000 338
101100 360
101200 356
101300 346
101400 322
101500 318
101600 314
101700 308
101800 318
101900 316
102000 318
102100 324
102200 340
102300 326
102400 318
102500 324
102600 316
102700 318
102800 312
102900 298
103000 294
103100 282
103200 272
103300 268
103400 264
103500 276
103600 268
103700 256
103800 266
103900 264
104000 248
104100 252
104200 262
104300 262
104400 262
104500 238
104600 242
104700 246
104800 244
104900 240
105000 236
105100 226
105200 230
105300 210
105400 224
105500 224
105600 224
105700 226
105800 236
105900 238
106000 236
106100 230
106200 224
106300 222
106400 230
106500 232
106600 236
106700 242
106800 234
106900 238
107000 246
107100 252
107200 248
107300 250
107400 256
107500 254
107600 260
107700 264
107800 254
107900 234
108000 224
108100 236
108200 242
108300 240
108400 252
108500 244
108600 248
108700 236
108800 240
108900 226
109000 230
109100 212
109200 206
109300 214
109400 210
109500 210
109600 210
109700 194
109800 188
109900 186
110000 176
110100 182
110200 190
110300 186
110400 202
110500 200
110600 186
110700 188
110800 184
110900 188
111000 176
111100 140
111200 118
111300 114
111400 112
111500 104
111600 104
111700 126
111800 122
111900 106
112000 118
112100 124
112200 112
112300 122
112400 132
112500 144
112600 164
112700 144
112800 156
112900 144
113000 148
113100 134
113200 118
113300 110
113400 124
113500 126
113600 138
113700 136
113800 142
113900 138
114000 124
114100 130
114200 134
114300 130
114400 118
114500 120
114600 124
114700 114
114800 124
114900 130
115000 136
115100 132
115200 134
115300 142
115400 136
115500 142
115600 130
115700 124
115800 140
115900 128
116000 128
116100 110
116200 106
116300 114
116400 110
116500 122
116600 116
116700 120
116800 130
116900 132
117000 134
117100 136
117200 140
117300 124
117400 110
117500 98
117600 96
117700 102
117800 114
117900 102
118000 102
118100 106
118200 104
118300 106
118400 106
118500 100
118600 92
118700 88
118800 80
118900 78
119000 80
119100 68
119200 62
119300 48
119400 32
119500 24
119600 28
119700 12
119800 12
119900 24
120000 4
120100 6
120200 26
120300 42
120400 32
120500 46
120600 54
120700 64
120800 82
120900 92
121000 100
121100 98
121200 96
121300 94
121400 92
121500 88
121600 102
121700 116
121800 110
121900 96
122000 104
122100 96
122200 92
122300 90
122400 80
122500 66
122600 74
122700 70
122800 54
122900 40
123000 48
123100 38
123200 40
123300 22
123400 30
123500 36
123600 50
123700 60
123800 74
123900 64
124000 72
124100 54
124200 66
124300 50
124400 62
124500 74
124600 70
124700 74
124800 56
124900 78
125000 92
125100 86
125200 90
125300 108
125400 112
125500 96
125600 94
125700 76
125800 82
125900 100
126000 116
126100 110
126200 114
126300 120
126400 126
126500 122
126600 120
126700 124
126800 126
126900 120
127000 116
127100 110
127200 112
127300 100
127400 96
127500 92
127600 94
127700 94
127800 102
127900 92
128000 100
128100 84
128200 74
128300 76
128400 88
128500 104
128600 96
128700 100
128800 108
128900 98
129000 106
129100 110
129200 106
129300 106
129400 108
129500 104
129600 92
129700 96
129800 112
129900 118
130000 108
130100 104
130200 116
130300 98
130400 86
130500 90
130600 84
130700 82
130800 78
130900 78
131000 74
131100 62
131200 56
131300 48
131400 56
131500 50
131600 54
131700 46
131800 44
131900 56
132000 62
132100 56
132200 48
132300 40
132400 44
132500 50
132600 42
132700 52
132800 46
132900 38
133000 32
133100 40
133200 42
133300 36
133400 36
133500 58
133600 70
133700 60
133800 40
133900 26
134000 34
134100 60
134200 72
134300 84
134400 78
134500 84
134600 84
134700 74
134800 70
134900 66
135000 58
135100 72
135200 74
135300 68
135400 74
135500 82
135600 90
135700 98
135800 106
135900 112
136000 124
136100 130
136200 128
136300 114
136400 124
136500 136
136600 128
136700 132
136800 134
136900 130
137000 142
137100 130
137200 152
137300 154
137400 144
137500 158
137600 152
137700 162
137800 158
137900 166
138000 170
138100 182
138200 172
138300 164
138400 174
138500 158
138600 156
138700 162
138800 160
138900 166
139000 182
139100 168
139200 158
139300 164
139400 156
139500 158
139600 168
139700 152
139800 146
139900 144
140000 142
140100 152
140200 142
140300 138
140400 134
140500 138
140600 146
140700 164
140800 160
140900 158
141000 152
141100 154
141200 146
141300 154
141400 158
141500 156
141600 156
141700 172
141800 178
141900 190
142000 182
142100 176
142200 184
142300 180
142400 188
142500 206
142600 206
142700 212
142800 214
142900 216
143000 202
143100 206
143200 188
143300 192
143400 202
143500 202
143600 204
143700 212
143800 238
143900 274
144000 276
144100 280
144200 286
144300 288
144400 278
144500 268
144600 280
144700 282
144800 270
144900 266
145000 278
145100 260
145200 268
145300 240
145400 242
145500 248
145600 240
145700 250
145800 260
145900 274
146000 274
146100 282
146200 270
146300 260
146400 254
146500 258
146600 264
146700 266
146800 258
146900 260
147000 262
147100 274
147200 282
147300 272
147400 288
147500 274
147600 270
147700 264
147800 270
147900 258
148000 248
148100 248
148200 250
148300 260
148400 268
148500 258
148600 260
148700 270
148800 272
148900 298
149000 286
149100 288
149200 280
149300 276
149400 274
149500 272
149600 270
149700 260
149800 260
149900 262
150000 262
150100 276
150200 286
150300 302
150400 294
150500 284
150600 276
150700 292
150800 288
150900 288
151000 286
151100 294
151200 296
151300 302
151400 298
151500 306
151600 312
151700 318
151800 314
151900 330
152000 342
152100 360
152200 368
152300 370
152400 370
152500 374
152600 372
152700 382
152800 402
152900 392
153000 390
153100 372
153200 380
153300 362
153400 354
153500 344
153600 330
153700 322
153800 312
153900 316
154000 318
154100 326
154200 320
154300 322
154400 312
154500 300
154600 304
154700 312
154800 318
154900 324
155000 318
155100 320
155200 338
155300 348
155400 342
155500 352
155600 362
155700 372
155800 370
155900 376
156000 390
156100 392
156200 372
156300 374
156400 354
156500 352
156600 344
156700 342
156800 348
156900 358
157000 360
157100 364
157200 346
157300 342
157400 342
157500 350
157600 346
157700 332
157800 324
157900 330
158000 314
158100 302
158200 302
158300 310
158400 324
158500 334
158600 328
158700 302
158800 294
158900 300
159000 298
159100 292
159200 288
159300 284
159400 294
159500 286
159600 286
159700 298
159800 294
159900 306
160000 312
160100 316
160200 312
160300 318
160400 324
160500 320
160600 310
160700 316
160800 316
160900 334
161000 346
161100 332
161200 326
161300 310
161400 318
161500 322
161600 312
161700 320
161800 306
161900 298
162000 308
162100 308
162200 304
162300 314
162400 318
162500 316
162600 308
162700 302
162800 312
162900 302
163000 304
163100 322
163200 328
163300 328
163400 334
163500 338
163600 334
163700 338
163800 342
163900 354
164000 362
164100 368
164200 352
164300 368
164400 352
164500 362
164600 368
164700 352
164800 362
164900 356
165000 368
165100 366
165200 376
165300 366
165400 366
165500 362
165600 370
165700 378
165800 376
165900 378
166000 370
166100 376
166200 370
166300 350
166400 342
166500 356
166600 374
166700 382
166800 372
166900 346
167000 338
167100 334
167200 336
167300 330
167400 334
167500 336
167600 344
167700 352
167800 346
167900 344
168000 342
168100 344
168200 338
168300 332
168400 318
168500 310
168600 310
168700 298
168800 282
168900 278
169000 290
169100 286
169200 282
169300 278
169400 286
169500 274
169600 278
169700 284
169800 274
169900 282
170000 264
170100 260
170200 266
170300 258
170400 258
170500 254
170600 252
170700 248
170800 236
170900 238
171000 244
171100 244
171200 238
171300 258
171400 252
171500 254
171600 256
171700 248
171800 240
171900 244
172000 252
172100 256
172200 264
172300 262
172400 250
172500 266
172600 266
172700 264
172800 276
172900 270
173000 272
173100 274
173200 278
173300 270
173400 262
173500 250
173600 260
173700 252
173800 266
173900 258
174000 266
174100 262
174200 252
174300 258
174400 254
174500 240
174600 234
174700 230
174800 232
174900 228
175000 234
175100 228
175200 230
175300 210
175400 208
175500 196
175600 204
175700 200
175800 212
175900 216
176000 226
176100 208
176200 214
176300 212
176400 206
176500 198
176600 162
176700 136
176800 130
176900 134
177000 118
177100 128
177200 142
177300 138
177400 126
177500 134
177600 144
177700 136
177800 142
177900 150
178000 146
178100 180
178200 168
178300 164
178400 168
178500 170
178600 154
178700 140
178800 134
178900 138
179000 148
179100 158
179200 156
179300 156
179400 150
179500 148
179600 156
179700 154
179800 156
179900 138
180000 140
180100 146
180200 130
180300 148
180400 152
180500 156
180600 148
180700 162
180800 164
180900 164
181000 162
181100 146
181200 136
181300 154
181400 148
181500 144
181600 138
181700 122
181800 136
181900 128
182000 144
182100 130
182200 138
182300 150
182400 144
182500 154
182600 160
182700 154
182800 150
182900 128
183000 120
183100 114
183200 128
183300 134
183400 132
183500 120
183600 132
183700 128
183800 130
183900 126
184000 122
184100 122
184200 112
184300 102
184400 94
184500 106
184600 88
184700 80
184800 72
184900 58
185000 42
185100 42
185200 38
185300 40
185400 42
185500 28
185600 2
185700 22
185800 30
185900 32
186000 36
186100 52
186200 66
186300 78
186400 86
186500 104
186600 94
186700 104
186800 96
186900 86
187000 90
187100 104
187200 114
187300 108
187400 98
187500 104
187600 100
187700 88
187800 92
187900 92
188000 74
188100 66
188200 72
188300 60
188400 44
188500 44
188600 44
188700 38
188800 28
188900 32
189000 38
189100 46
189200 56
189300 64
189400 66
189500 70
189600 56
189700 58
189800 48
189900 58
190000 70
190100 66
190200 80
190300 58
190400 70
190500 90
190600 82
190700 88
190800 104
190900 110
191000 110
191100 96
191200 88
191300 80
191400 88
191500 112
191600 114
191700 114
191800 124
191900 118
192000 126
192100 122
192200 124
192300 126
192400 124
192500 116
192600 114
192700 118
192800 100
192900 96
193000 110
193100 92
193200 94
193300 96
193400 100
193500 96
193600 94
193700 80
193800 76
193900 82
194000 94
194100 106
194200 102
194300 100
194400 102
194500 102
194600 112
194700 118
194800 104
194900 102
195000 106
195100 94
195200 98
195300 106
195400 116
195500 108
195600 106
195700 112
195800 114
195900 88
196000 92
196100 84
196200 84
196300 78
196400 78
196500 70
196600 68
196700 58
196800 52
196900 54
197000 58
197100 56
197200 58
197300 54
197400 52
197500 52
197600 56
197700 54
197800 36
197900 48
198000 46
198100 56
198200 50
198300 44
198400 44
198500 32
198600 38
198700 32
198800 42
198900 34
199000 50
199100 64
199200 64
199300 52
199400 32
199500 40
199600 52
199700 70
199800 78
199900 82
