x y
100 48
200 86
300 114
400 164
500 208
600 260
700 300
800 342
900 388
1000 434
1100 468
1200 512
1300 550
1400 592
1500 642
1600 692
1700 734
1800 780
1900 822
2000 846
2100 888
2200 928
2300 954
2400 1000
2500 992
2600 986
2700 992
2800 968
2900 940
3000 894
3100 846
3200 796
3300 750
3400 716
3500 678
3600 640
3700 602
3800 544
3900 512
4000 490
4100 506
4200 550
4300 570
4400 612
4500 646
4600 670
4700 698
4800 744
4900 784
5000 822
5100 856
5200 892
5300 934
5400 992
5500 1034
5600 1076
5700 1102
5800 1096
5900 1074
6000 1018
6100 980
6200 938
6300 918
6400 874
6500 824
6600 798
6700 760
6800 716
6900 672
7000 630
7100 588
7200 562
7300 554
7400 560
7500 506
7600 474
7700 428
7800 394
7900 358
8000 326
8100 288
8200 286
8300 336
8400 376
8500 408
8600 434
8700 436
8800 432
8900 408
9000 378
9100 326
9200 298
9300 274
9400 242
9500 216
9600 214
9700 220
9800 212
9900 176
10000 130
10100 120
10200 144
10300 186
10400 234
10500 278
10600 330
10700 362
10800 396
10900 438
11000 478
11100 526
11200 572
11300 602
11400 652
11500 690
11600 736
11700 782
11800 816
11900 850
12000 872
12100 922
12200 968
12300 994
12400 1010
12500 1034
12600 1068
12700 1130
12800 1196
12900 1240
13000 1264
13100 1324
13200 1350
13300 1384
13400 1434
13500 1486
13600 1524
13700 1572
13800 1606
13900 1626
14000 1650
14100 1686
14200 1738
14300 1788
14400 1824
14500 1862
14600 1892
14700 1932
14800 1982
14900 2024
15000 2066
15100 2100
15200 2124
15300 2168
15400 2214
15500 2256
15600 2300
15700 2264
15800 2214
15900 2178
16000 2134
16100 2092
16200 2034
16300 1984
16400 1948
16500 1908
16600 1858
16700 1810
16800 1778
16900 1746
17000 1714
17100 1658
17200 1616
17300 1578
17400 1556
17500 1516
17600 1476
17700 1450
17800 1408
17900 1374
18000 1328
18100 1286
18200 1244
18300 1214
18400 1164
18500 1160
18600 1180
18700 1204
18800 1246
18900 1300
19000 1342
19100 1378
19200 1422
19300 1452
19400 1470
19500 1506
19600 1540
19700 1576
19800 1614
19900 1656
20000 1710
20100 1760
20200 1732
20300 1700
20400 1658
20500 1630
20600 1592
20700 1556
20800 1530
20900 1480
21000 1438
21100 1416
21200 1370
21300 1336
21400 1302
21500 1254
21600 1210
21700 1168
21800 1144
21900 1112
22000 1070
22100 1032
22200 994
22300 948
22400 906
22500 878
22600 884
22700 882
22800 868
22900 858
23000 850
23100 798
23200 764
23300 720
23400 688
23500 646
23600 606
23700 558
23800 498
23900 458
24000 442
24100 478
24200 520
24300 560
24400 604
24500 632
24600 644
24700 654
24800 688
24900 728
25000 762
25100 810
25200 836
25300 876
25400 906
25500 946
25600 960
25700 992
25800 1026
25900 1062
26000 1098
26100 1128
26200 1176
26300 1224
26400 1264
26500 1304
26600 1334
26700 1370
26800 1416
26900 1440
27000 1486
27100 1518
27200 1560
27300 1592
27400 1638
27500 1674
27600 1714
27700 1740
27800 1804
27900 1854
28000 1902
28100 1930
28200 1978
28300 2016
28400 2062
28500 2112
28600 2138
28700 2172
28800 2188
28900 2230
29000 2258
29100 2302
29200 2362
29300 2394
29400 2444
29500 2476
29600 2504
29700 2540
29800 2574
29900 2606
30000 2646
30100 2676
30200 2714
30300 2750
30400 2780
30500 2814
30600 2846
30700 2906
30800 2926
30900 2972
31000 3014
31100 3064
31200 3110
31300 3136
31400 3188
31500 3228
31600 3240
31700 3248
31800 3212
31900 3174
32000 3132
32100 3096
32200 3052
32300 2996
32400 2966
32500 2920
32600 2870
32700 2822
32800 2792
32900 2744
33000 2712
33100 2680
33200 2646
33300 2614
33400 2570
33500 2532
33600 2488
33700 2450
33800 2418
33900 2384
34000 2340
34100 2300
34200 2256
34300 2214
34400 2174
34500 2130
34600 2104
34700 2068
34800 2018
34900 1976
35000 1936
35100 1888
35200 1842
35300 1804
35400 1754
35500 1714
35600 1666
35700 1630
35800 1630
35900 1600
36000 1562
36100 1506
36200 1466
36300 1414
36400 1368
36500 1326
36600 1300
36700 1270
36800 1244
36900 1208
37000 1156
37100 1120
37200 1088
37300 1050
37400 1008
37500 966
37600 938
37700 892
37800 856
37900 816
38000 780
38100 736
38200 692
38300 650
38400 606
38500 558
38600 528
38700 490
38800 450
38900 404
39000 392
39100 360
39200 336
39300 290
39400 246
39500 204
39600 196
39700 238
39800 276
39900 298
40000 346
40100 398
40200 432
40300 436
40400 398
40500 368
40600 332
40700 290
40800 244
40900 220
41000 182
41100 144
41200 114
41300 78
41400 50
41500 10
41600 4
41700 56
41800 98
41900 138
42000 178
42100 218
42200 258
42300 316
42400 354
42500 418
42600 462
42700 506
42800 558
42900 596
43000 634
43100 654
43200 684
43300 728
43400 764
43500 808
43600 844
43700 892
43800 936
43900 976
44000 984
44100 956
44200 910
44300 874
44400 834
44500 782
44600 740
44700 704
44800 654
44900 612
45000 568
45100 518
45200 504
45300 530
45400 574
45500 606
45600 654
45700 688
45800 714
45900 746
46000 726
46100 762
46200 794
46300 828
46400 852
46500 888
46600 922
46700 952
46800 982
46900 1030
47000 1072
47100 1076
47200 1044
47300 998
47400 936
47500 910
47600 872
47700 836
47800 792
47900 756
48000 732
48100 694
48200 656
48300 618
48400 560
48500 548
48600 576
48700 620
48800 658
48900 696
49000 744
49100 774
49200 806
49300 806
49400 768
49500 730
49600 704
49700 672
49800 630
49900 590
50000 552
50100 514
50200 468
50300 426
50400 414
50500 420
50600 412
50700 430
50800 472
50900 510
51000 556
51100 580
51200 618
51300 622
51400 630
51500 656
51600 702
51700 738
51800 778
51900 810
52000 858
52100 898
52200 938
52300 934
52400 972
52500 1034
52600 1066
52700 1098
52800 1144
52900 1188
53000 1234
53100 1264
53200 1290
53300 1334
53400 1364
53500 1394
53600 1408
53700 1448
53800 1496
53900 1534
54000 1586
54100 1630
54200 1668
54300 1716
54400 1758
54500 1826
54600 1868
54700 1922
54800 1958
54900 1990
55000 2032
55100 2092
55200 2106
55300 2084
55400 2052
55500 2004
55600 1964
55700 1922
55800 1890
55900 1864
56000 1820
56100 1770
56200 1734
56300 1688
56400 1648
56500 1618
56600 1570
56700 1550
56800 1504
56900 1472
57000 1416
57100 1382
57200 1340
57300 1308
57400 1258
57500 1216
57600 1188
57700 1146
57800 1104
57900 1060
58000 1030
58100 1022
58200 1066
58300 1112
58400 1142
58500 1176
58600 1220
58700 1266
58800 1296
58900 1336
59000 1384
59100 1424
59200 1468
59300 1530
59400 1564
59500 1588
59600 1616
59700 1660
59800 1710
59900 1756
60000 1794
60100 1840
60200 1882
60300 1908
60400 1938
60500 1988
60600 2032
60700 2066
60800 2108
60900 2136
61000 2184
61100 2242
61200 2298
61300 2302
61400 2258
61500 2218
61600 2188
61700 2158
61800 2110
61900 2058
62000 2014
62100 1978
62200 1952
62300 1910
62400 1868
62500 1832
62600 1806
62700 1774
62800 1740
62900 1708
63000 1660
63100 1618
63200 1586
63300 1538
63400 1488
63500 1442
63600 1398
63700 1358
63800 1312
63900 1274
64000 1234
64100 1206
64200 1160
64300 1122
64400 1078
64500 1052
64600 1014
64700 966
64800 924
64900 882
65000 856
65100 810
65200 750
65300 692
65400 646
65500 610
65600 560
65700 512
65800 480
65900 434
66000 406
66100 362
66200 316
66300 288
66400 274
66500 272
66600 220
66700 178
66800 162
66900 144
67000 104
67100 64
67200 66
67300 84
67400 122
67500 152
67600 178
67700 228
67800 260
67900 260
68000 256
68100 296
68200 346
68300 376
68400 326
68500 284
68600 246
68700 218
68800 186
68900 188
69000 156
69100 118
69200 88
69300 60
69400 48
69500 64
69600 88
69700 88
69800 64
69900 42
70000 52
70100 50
70200 30
70300 16
70400 40
70500 84
70600 128
70700 166
70800 212
70900 234
71000 278
71100 322
71200 368
71300 396
71400 420
71500 466
71600 516
71700 570
71800 598
71900 618
72000 656
72100 702
72200 756
72300 790
72400 826
72500 874
72600 900
72700 934
72800 972
72900 1004
73000 1044
73100 1090
73200 1138
73300 1196
73400 1224
73500 1254
73600 1304
73700 1328
73800 1364
73900 1412
74000 1446
74100 1476
74200 1506
74300 1530
74400 1572
74500 1616
74600 1660
74700 1698
74800 1742
74900 1778
75000 1812
75100 1852
75200 1884
75300 1918
75400 1954
75500 1998
75600 2038
75700 2064
75800 2110
75900 2160
76000 2194
76100 2242
76200 2252
76300 2290
76400 2324
76500 2362
76600 2416
76700 2450
76800 2494
76900 2512
77000 2558
77100 2598
77200 2646
77300 2668
77400 2708
77500 2742
77600 2780
77700 2820
77800 2874
77900 2928
78000 2980
78100 3036
78200 3068
78300 3106
78400 3132
78500 3168
78600 3198
78700 3236
78800 3284
78900 3328
79000 3356
79100 3322
79200 3270
79300 3242
79400 3214
79500 3188
79600 3142
79700 3112
79800 3078
79900 3032
80000 2996
80100 2964
80200 2954
80300 2902
80400 2850
80500 2814
80600 2770
80700 2724
80800 2692
80900 2654
81000 2620
81100 2586
81200 2530
81300 2482
81400 2430
81500 2406
81600 2374
81700 2334
81800 2296
81900 2248
82000 2216
82100 2168
82200 2122
82300 2084
82400 2038
82500 1996
82600 1952
82700 1918
82800 1882
82900 1854
83000 1814
83100 1776
83200 1740
83300 1688
83400 1662
83500 1676
83600 1730
83700 1758
83800 1808
83900 1846
84000 1876
84100 1912
84200 1970
84300 2020
84400 2064
84500 2100
84600 2136
84700 2176
84800 2216
84900 2260
85000 2298
85100 2340
85200 2376
85300 2430
85400 2472
85500 2490
85600 2474
85700 2432
85800 2398
85900 2350
86000 2320
86100 2286
86200 2250
86300 2198
86400 2150
86500 2106
86600 2050
86700 2010
86800 1946
86900 1902
87000 1854
87100 1800
87200 1758
87300 1718
87400 1668
87500 1634
87600 1622
87700 1586
87800 1542
87900 1502
88000 1466
88100 1424
88200 1370
88300 1330
88400 1308
88500 1274
88600 1230
88700 1256
88800 1250
88900 1232
89000 1266
89100 1312
89200 1346
89300 1398
89400 1428
89500 1478
89600 1516
89700 1574
89800 1626
89900 1664
90000 1706
90100 1736
90200 1752
90300 1784
90400 1818
90500 1852
90600 1846
90700 1832
90800 1820
90900 1828
91000 1818
91100 1820
91200 1786
91300 1758
91400 1712
91500 1674
91600 1638
91700 1590
91800 1544
91900 1506
92000 1472
92100 1408
92200 1368
92300 1326
92400 1286
92500 1252
92600 1206
92700 1152
92800 1110
92900 1076
93000 1036
93100 992
93200 984
93300 958
93400 926
93500 912
93600 878
93700 834
93800 792
93900 750
94000 718
94100 666
94200 624
94300 580
94400 542
94500 508
94600 486
94700 460
94800 496
94900 536
95000 576
95100 604
95200 644
95300 686
95400 672
95500 612
95600 572
95700 534
95800 492
95900 448
96000 400
96100 362
96200 352
96300 390
96400 428
96500 478
96600 504
96700 504
96800 506
96900 496
97000 536
97100 582
97200 636
97300 680
97400 726
97500 756
97600 796
97700 838
97800 878
97900 926
98000 972
98100 1012
98200 1048
98300 1082
98400 1110
98500 1154
98600 1208
98700 1252
98800 1306
98900 1350
99000 1400
99100 1428
99200 1466
99300 1510
99400 1562
99500 1594
99600 1628
99700 1622
99800 1580
99900 1524
100000 1466
100100 1434
100200 1394
100300 1362
100400 1322
100500 1288
100600 1240
100700 1202
100800 1160
100900 1126
101000 1082
101100 1032
101200 984
101300 948
101400 904
101500 854
101600 816
101700 834
101800 870
101900 900
102000 938
102100 986
102200 1022
102300 1068
102400 1108
102500 1138
102600 1176
102700 1218
102800 1224
102900 1232
103000 1238
103100 1282
103200 1340
103300 1370
103400 1410
103500 1432
103600 1468
103700 1508
103800 1536
103900 1588
104000 1626
104100 1672
104200 1716
104300 1760
104400 1806
104500 1834
104600 1878
104700 1912
104800 1960
104900 2008
105000 2064
105100 2100
105200 2146
105300 2184
105400 2236
105500 2292
105600 2342
105700 2364
105800 2400
105900 2442
106000 2466
106100 2506
106200 2552
106300 2578
106400 2586
106500 2638
106600 2672
106700 2724
106800 2772
106900 2748
107000 2700
107100 2670
107200 2626
107300 2572
107400 2530
107500 2488
107600 2446
107700 2406
107800 2370
107900 2330
108000 2306
108100 2252
108200 2204
108300 2174
108400 2130
108500 2106
108600 2066
108700 2018
108800 1970
108900 1940
109000 1894
109100 1840
109200 1790
109300 1732
109400 1686
109500 1646
109600 1602
109700 1580
109800 1546
109900 1504
110000 1460
110100 1408
110200 1382
110300 1378
110400 1338
110500 1292
110600 1260
110700 1246
110800 1190
110900 1150
111000 1112
111100 1074
111200 1034
111300 1012
111400 972
111500 916
111600 878
111700 840
111800 782
111900 748
112000 694
112100 658
112200 620
112300 588
112400 558
112500 512
112600 490
112700 446
112800 412
112900 382
113000 350
113100 330
113200 294
113300 266
113400 238
113500 186
113600 182
113700 226
113800 242
113900 228
114000 184
114100 134
114200 148
114300 170
114400 220
114500 214
114600 178
114700 150
114800 116
114900 90
115000 68
115100 58
115200 54
115300 72
115400 74
115500 46
115600 38
115700 74
115800 120
115900 166
116000 222
116100 282
116200 324
116300 344
116400 386
116500 434
116600 480
116700 522
116800 554
116900 604
117000 648
117100 694
117200 732
117300 760
117400 802
117500 832
117600 882
117700 914
117800 960
117900 1002
118000 990
118100 1028
118200 1082
118300 1124
118400 1158
118500 1202
118600 1234
118700 1284
118800 1324
118900 1372
119000 1416
119100 1448
119200 1474
119300 1500
119400 1526
119500 1568
119600 1608
119700 1650
119800 1698
119900 1702
120000 1742
120100 1782
120200 1818
120300 1850
120400 1880
120500 1928
120600 1968
120700 1998
120800 2048
120900 2070
121000 2122
121100 2148
121200 2206
121300 2220
121400 2232
121500 2278
121600 2326
121700 2364
121800 2404
121900 2434
122000 2476
122100 2512
122200 2538
122300 2570
122400 2598
122500 2626
122600 2670
122700 2728
122800 2770
122900 2814
123000 2846
123100 2878
123200 2928
123300 2970
123400 3026
123500 3066
123600 3096
123700 3128
123800 3166
123900 3200
124000 3238
124100 3286
124200 3312
124300 3340
124400 3338
124500 3330
124600 3308
124700 3298
124800 3266
124900 3242
125000 3188
125100 3140
125200 3112
125300 3086
125400 3040
125500 2988
125600 2948
125700 2920
125800 2866
125900 2836
126000 2796
126100 2746
126200 2706
126300 2670
126400 2612
126500 2562
126600 2510
126700 2472
126800 2432
126900 2396
127000 2346
127100 2306
127200 2274
127300 2224
127400 2186
127500 2160
127600 2116
127700 2074
127800 2040
127900 1992
128000 1946
128100 1900
128200 1852
128300 1810
128400 1778
128500 1726
128600 1700
128700 1660
128800 1688
128900 1730
129000 1782
129100 1836
129200 1872
129300 1916
129400 1956
129500 1992
129600 2018
129700 2072
129800 2098
129900 2134
130000 2194
130100 2230
130200 2256
130300 2292
130400 2324
130500 2372
130600 2416
130700 2468
130800 2486
130900 2458
131000 2430
131100 2380
131200 2336
131300 2286
131400 2244
131500 2196
131600 2164
131700 2114
131800 2072
131900 2030
132000 1988
132100 1948
132200 1904
132300 1858
132400 1814
132500 1792
132600 1756
132700 1718
132800 1672
132900 1626
133000 1588
133100 1548
133200 1510
133300 1478
133400 1420
133500 1378
133600 1348
133700 1304
133800 1262
133900 1238
134000 1198
134100 1144
134200 1098
134300 1058
134400 1032
134500 996
134600 976
134700 944
134800 906
134900 870
135000 830
135100 796
135200 766
135300 720
135400 686
135500 656
135600 624
135700 610
135800 580
135900 544
136000 508
136100 472
136200 448
136300 424
136400 382
136500 334
136600 320
136700 340
136800 376
136900 408
137000 434
137100 476
137200 496
137300 500
137400 498
137500 470
137600 432
137700 394
137800 348
137900 308
138000 258
138100 264
138200 296
138300 342
138400 366
138500 356
138600 306
138700 256
138800 222
138900 188
139000 138
139100 114
139200 98
139300 122
139400 138
139500 172
139600 226
139700 260
139800 312
139900 342
140000 376
140100 414
140200 442
140300 468
140400 508
140500 550
140600 594
140700 638
140800 690
140900 722
141000 772
141100 798
141200 830
141300 860
141400 890
141500 934
141600 978
141700 1004
141800 988
141900 950
142000 910
142100 874
142200 834
142300 794
142400 764
142500 732
142600 686
142700 656
142800 608
142900 592
143000 566
143100 520
143200 496
143300 504
143400 460
143500 414
143600 364
143700 324
143800 286
143900 254
144000 272
144100 222
144200 192
144300 148
144400 128
144500 96
144600 72
144700 62
144800 32
144900 30
145000 20
145100 26
145200 66
145300 102
145400 136
145500 168
145600 200
145700 246
145800 292
145900 326
146000 358
146100 388
146200 432
146300 472
146400 526
146500 564
146600 608
146700 646
146800 686
146900 730
147000 770
147100 810
147200 854
147300 896
147400 950
147500 988
147600 998
147700 958
147800 910
147900 858
148000 808
148100 762
148200 732
148300 702
148400 668
148500 614
148600 578
148700 524
148800 506
148900 490
149000 486
149100 494
149200 478
149300 436
149400 396
149500 366
149600 330
149700 276
149800 236
149900 190
150000 148
150100 146
150200 184
150300 198
150400 194
150500 184
150600 194
150700 244
150800 274
150900 264
151000 238
151100 206
151200 166
151300 144
151400 188
151500 238
151600 266
151700 290
151800 320
151900 356
152000 402
152100 444
152200 472
152300 484
152400 452
152500 412
152600 378
152700 342
152800 292
152900 258
153000 226
153100 196
153200 146
153300 114
153400 114
153500 144
153600 202
153700 246
153800 276
153900 316
154000 354
154100 392
154200 434
154300 478
154400 506
154500 548
154600 590
154700 632
154800 668
154900 710
155000 744
155100 788
155200 830
155300 868
155400 910
155500 966
155600 994
155700 1026
155800 1074
155900 1116
156000 1156
156100 1194
156200 1234
156300 1282
156400 1330
156500 1362
156600 1414
156700 1454
156800 1494
156900 1518
157000 1516
157100 1568
157200 1610
157300 1646
157400 1686
157500 1716
157600 1760
157700 1798
157800 1840
157900 1882
158000 1920
158100 1960
158200 2010
158300 2056
158400 2094
158500 2138
158600 2192
158700 2244
158800 2264
158900 2270
159000 2232
159100 2186
159200 2156
159300 2116
159400 2068
159500 2026
159600 1988
159700 1946
159800 1928
159900 1888
160000 1846
160100 1802
160200 1754
160300 1712
160400 1684
160500 1652
160600 1610
160700 1572
160800 1538
160900 1506
161000 1458
161100 1434
161200 1406
161300 1386
161400 1358
161500 1316
161600 1280
161700 1226
161800 1182
161900 1146
162000 1132
162100 1140
162200 1178
162300 1220
162400 1232
162500 1282
162600 1314
162700 1348
162800 1396
162900 1428
163000 1472
163100 1496
163200 1532
163300 1560
163400 1602
163500 1648
163600 1694
163700 1684
163800 1636
163900 1596
164000 1550
164100 1512
164200 1494
164300 1464
164400 1428
164500 1370
164600 1324
164700 1292
164800 1256
164900 1216
165000 1182
165100 1152
165200 1102
165300 1068
165400 1030
165500 988
165600 940
165700 898
165800 854
165900 838
166000 800
166100 758
166200 728
166300 694
166400 648
166500 616
166600 562
166700 524
166800 492
166900 436
167000 414
167100 410
167200 438
167300 482
167400 524
167500 558
167600 598
167700 638
167800 676
167900 724
168000 762
168100 796
168200 828
168300 852
168400 894
168500 924
168600 942
168700 986
168800 1020
168900 1066
169000 1112
169100 1142
169200 1190
169300 1228
169400 1264
169500 1312
169600 1366
169700 1418
169800 1422
169900 1454
170000 1502
170100 1520
170200 1570
170300 1610
170400 1654
170500 1700
170600 1748
170700 1768
170800 1800
170900 1822
171000 1858
171100 1914
171200 1948
171300 1996
171400 2036
171500 2078
171600 2102
171700 2116
171800 2112
171900 2076
172000 2046
172100 2006
172200 1964
172300 1916
172400 1874
172500 1844
172600 1804
172700 1746
172800 1704
172900 1678
173000 1644
173100 1604
173200 1568
173300 1538
173400 1506
173500 1442
173600 1402
173700 1360
173800 1334
173900 1284
174000 1238
174100 1192
174200 1140
174300 1102
174400 1056
174500 1032
174600 988
174700 942
174800 910
174900 868
175000 820
175100 778
175200 734
175300 704
175400 670
175500 610
175600 560
175700 526
175800 478
175900 442
176000 410
176100 374
176200 336
176300 304
176400 276
176500 278
176600 326
176700 366
176800 394
176900 406
177000 372
177100 330
177200 296
177300 252
177400 216
177500 258
177600 276
177700 320
177800 322
177900 328
178000 318
178100 290
178200 244
178300 206
178400 176
178500 168
178600 158
178700 184
178800 230
178900 260
179000 266
179100 268
179200 220
179300 188
179400 152
179500 130
179600 162
179700 198
179800 246
179900 286
180000 334
180100 378
180200 422
180300 474
180400 512
180500 552
180600 604
180700 638
180800 678
180900 708
181000 762
181100 794
181200 830
181300 868
181400 908
181500 940
181600 976
181700 996
181800 958
181900 930
182000 894
182100 864
182200 810
182300 772
182400 724
182500 686
182600 652
182700 612
182800 570
182900 534
183000 496
183100 488
183200 498
183300 520
183400 520
183500 496
183600 452
183700 432
183800 402
183900 372
184000 334
184100 298
184200 260
184300 296
184400 328
184500 380
184600 402
184700 426
184800 486
184900 532
185000 546
185100 570
185200 618
185300 622
185400 602
185500 572
185600 530
185700 492
185800 428
185900 404
186000 370
186100 346
186200 306
186300 312
186400 316
186500 312
186600 332
186700 372
186800 398
186900 432
187000 454
187100 438
187200 404
187300 378
187400 338
187500 312
187600 278
187700 234
187800 238
187900 272
188000 320
188100 320
188200 268
188300 218
188400 166
188500 152
188600 122
188700 84
188800 50
188900 34
189000 26
189100 30
189200 18
189300 44
189400 46
189500 80
189600 126
189700 176
189800 214
189900 230
190000 270
190100 312
190200 336
190300 378
190400 412
190500 452
190600 488
190700 526
190800 570
190900 610
191000 660
191100 706
191200 764
191300 802
191400 832
191500 874
191600 902
191700 954
191800 992
191900 1034
192000 1070
192100 1112
192200 1146
192300 1200
192400 1224
192500 1248
192600 1256
192700 1298
192800 1334
192900 1366
193000 1398
193100 1436
193200 1476
193300 1522
193400 1540
193500 1582
193600 1620
193700 1658
193800 1684
193900 1728
194000 1780
194100 1804
194200 1854
194300 1910
194400 1938
194500 1976
194600 2022
194700 2044
194800 2076
194900 2114
195000 2146
195100 2182
195200 2220
195300 2242
195400 2274
195500 2290
195600 2258
195700 2214
195800 2160
195900 2130
196000 2100
196100 2058
196200 2016
196300 1976
196400 1936
196500 1890
196600 1856
196700 1820
196800 1780
196900 1742
197000 1714
197100 1670
197200 1632
197300 1580
197400 1552
197500 1516
197600 1468
197700 1420
197800 1386
197900 1358
198000 1292
198100 1262
198200 1210
198300 1174
198400 1154
198500 1162
198600 1190
198700 1230
198800 1268
198900 1306
199000 1338
199100 1358
199200 1396
199300 1440
199400 1468
199500 1514
199600 1564
199700 1622
199800 1662
199900 1714
200000 1730
